Trans	RS	Distr	PPP	ND  DWRBond  OCTC     ECRA NSGC AB32Cr    Gen	  CIA	TRA
Summer Peak
.01888 .00015 .19354 .01312 .00097 .00526 .00067 -.00504 .00302 .00000 .25546 -.16382 .00085 
.01888 .00015 .19354 .01312 .00097 .00526 .00067 -.00504 .00302 .00000 .25546 -.14061 .00085 
.01888 .00015 .19354 .01312 .00097 .00526 .00067 -.00504 .00302 -.01813 .25546 -.03507 .00085 
.01888 .00015 .19354 .01312 .00097 .00526 .00067 -.00504 .00302 -.01813 .25546 .02493 .00085 
.01888 .00015 .19354 .01312 .00097 .00526 .00067 -.00504 .00302 -.01813 .25546 .02493 .00085 
Summer Part Peak
.01888 .00015 .07742 .01312 .00097 .00526 .00067 -.00504 .00302 .00000 .12323 -.03074 .00085 
.01888 .00015 .07742 .01312 .00097 .00526 .00067 -.00504 .00302 .00000 .12323 -.00753 .00085 
.01888 .00015 .07742 .01312 .00097 .00526 .00067 -.00504 .00302 -.01813 .12323 .09801 .00085 
.01888 .00015 .07742 .01312 .00097 .00526 .00067 -.00504 .00302 -.01813 .12323 .15801 .00085 
.01888 .00015 .07742 .01312 .00097 .00526 .00067 -.00504 .00302 -.01813 .12323 .15801 .00085 
Summer Off Peak
.01888 .00015 .03871 .01312 .00097 .00526 .00067 -.00504 .00302 .00000 .06972 -.01530 .00085 
.01888 .00015 .03871 .01312 .00097 .00526 .00067 -.00504 .00302 .00000 .06972 .00792 .00085 
.01888 .00015 .03871 .01312 .00097 .00526 .00067 -.00504 .00302 -.01813 .06972 .11345 .00085 
.01888 .00015 .03871 .01312 .00097 .00526 .00067 -.00504 .00302 -.01813 .06972 .17345 .00085 
.01888 .00015 .03871 .01312 .00097 .00526 .00067 -.00504 .00302 -.01813 .06972 .17345 .00085 
Winter Part Peak
.01888 .00015 .07438 .01312 .00097 .00526 .00067 -.00504 .00302 .00000 .09109 -.05117 .00085 
.01888 .00015 .07438 .01312 .00097 .00526 .00067 -.00504 .00302 .00000 .09109 -.02796 .00085 
.01888 .00015 .07438 .01312 .00097 .00526 .00067 -.00504 .00302 -.01813 .09109 .07758 .00085 
.01888 .00015 .07438 .01312 .00097 .00526 .00067 -.00504 .00302 -.01813 .09109 .13758 .00085 
.01888 .00015 .07438 .01312 .00097 .00526 .00067 -.00504 .00302 -.01813 .09109 .13758 .00085 
Winter Off Peak
.01888 .00015 .04959 .01312 .00097 .00526 .00067 -.00504 .00302 .00000 .07702 -.02914 .00085 
.01888 .00015 .04959 .01312 .00097 .00526 .00067 -.00504 .00302 .00000 .07702 -.00593 .00085 
.01888 .00015 .04959 .01312 .00097 .00526 .00067 -.00504 .00302 -.01813 .07702 .09961 .00085 
.01888 .00015 .04959 .01312 .00097 .00526 .00067 -.00504 .00302 -.01813 .07702 .15961 .00085 
.01888 .00015 .04959 .01312 .00097 .00526 .00067 -.00504 .00302 -.01813 .07702 .15961 .00085 